atom_radius:
  O: 1.4
  Si: 2.1
  Pt: 2.1

a: 40.1399993896 # x
b: 19.9200000763 # y
c: 26.8400001526 # z
probe_r: 1.5 # 在一个方向上前进时可以往外扩散的半径
mesh_num: 10 # 一个长度分多少个网格